# fruit-tree-v0 [R] - empirically searched commands delivered FAITHFULLY within 1%
# criterion: ||(desired_command - achieved_return) / objective_range||_2 <= 0.01; horizon excluded
# protocol: greedy singleton verification on cuda, reset seed 0, clip(rem - r, None, max_return)
# search: 1125 batched CPU discovery rollouts / 6750 env steps; 206 singleton CUDA archive rollouts / 1236 env steps
# archive: 206 normally ended valid commands, 64 unique achieved outcomes; unfaithful outcomes included in dominance audit
# final: 64 unique rows, each reparsed then rerun twice (128 rollouts / 768 env steps); worst normalized error 0
# achieved column is exactly non-dominated (maximisation) against the complete singleton search archive
# checkpoint_sha256: c9af256fb6231867acfa78623c575b64875f29bec50268356bd6bfc4a1368a2a
# desired_command_0,desired_command_1,desired_command_2,desired_command_3,desired_command_4,desired_command_5,achieved_return_0,achieved_return_1,achieved_return_2,achieved_return_3,achieved_return_4,achieved_return_5
0.19537027,2.3433366,6.6265383,2.8424768,1.7145636,6.2880993,0.19537027,2.3433366,6.6265383,2.8424768,1.7145636,6.2880993
0.24871352,3.2594683,3.9988046,6.9335194,4.815561,1.4353569,0.24871352,3.2594683,3.9988046,6.9335194,4.815561,1.4353569
0.2674504,3.5443583,4.3908877,0.5898826,7.7984233,2.6311092,0.2674504,3.5443583,4.3908877,0.5898826,7.7984233,2.6311092
0.29748324,8.229653,0.07526586,1.9839557,1.7785313,5.007933,0.29748324,8.229653,0.07526586,1.9839557,1.7785313,5.007933
0.4332075,1.2464095,5.6313906,1.6267079,4.588713,6.545515,0.4332075,1.2464095,5.6313906,1.6267079,4.588713,6.545515
0.46075946,5.2908473,7.9280415,2.2844849,1.0111586,1.6430097,0.46075946,5.2908473,7.9280415,2.2844849,1.0111586,1.6430097
0.5844333,4.280598,7.002379,2.5144854,4.3232317,2.6997476,0.5844333,4.280598,7.002379,2.5144854,4.3232317,2.6997476
0.6388873,0.28507462,4.8785744,6.4197164,5.8571186,0.43757382,0.6388873,0.28507462,4.8785744,6.4197164,5.8571186,0.43757382
0.7162321,3.112415,1.7018771,7.5029664,5.3882303,1.2553761,0.7162321,3.112415,1.7018771,7.5029664,5.3882303,1.2553761
0.7487018,2.518045,6.5994945,2.1479452,6.050849,2.88429,0.7487018,2.518045,6.5994945,2.1479452,6.050849,2.88429
0.792852,4.0058627,0.3631475,8.934477,1.8204172,0.2318847,0.792852,4.0058627,0.3631475,8.934477,1.8204172,0.2318847
0.9368957,0.7792485,2.8389645,1.9829456,8.459588,3.8676312,0.9368957,0.7792485,2.8389645,1.9829456,8.459588,3.8676312
1.0512831,4.8597918,3.2855282,6.2692146,3.3986354,3.6917148,1.0512831,4.8597918,3.2855282,6.2692146,3.3986354,3.6917148
1.1228198,2.7305992,0.32294676,2.8423703,1.6831216,8.959176,1.1228198,2.7305992,0.32294676,2.8423703,1.6831216,8.959176
1.1443129,4.5559483,4.124739,5.8022194,1.921471,4.854133,1.1443129,4.5559483,4.124739,5.8022194,1.921471,4.854133
1.2572061,0.74301296,1.3374366,8.30598,5.0839405,1.1148452,1.2572061,0.74301296,1.3374366,8.30598,5.0839405,1.1148452
1.3365134,4.769693,0.64008087,6.4826245,5.6453805,1.0767136,1.3365134,4.769693,0.64008087,6.4826245,5.6453805,1.0767136
1.4046817,5.1910253,6.721106,4.7566614,0.91486716,1.5633448,1.4046817,5.1910253,6.721106,4.7566614,0.91486716,1.5633448
1.6351068,3.2590642,0.37991887,7.0269423,2.534698,5.5459876,1.6351068,3.2590642,0.37991887,7.0269423,2.534698,5.5459876
1.6511683,3.720632,5.6395316,0.25461897,6.357208,3.3387573,1.6511683,3.720632,5.6395316,0.25461897,6.357208,3.3387573
1.7424109,2.3232038,9.1749,2.282111,1.4751593,0.06168781,1.7424109,2.3232038,9.1749,2.282111,1.4751593,0.06168781
2.1226835,0.64607954,6.4309335,0.7385426,6.9448433,2.22342,2.1226835,0.64607954,6.4309335,0.7385426,6.9448433,2.22342
2.2215877,1.0173331,7.949971,3.63798,3.7755759,1.8269278,2.2215877,1.0173331,7.949971,3.63798,3.7755759,1.8269278
2.3905478,1.9749297,4.51911,0.07046741,1.7413982,8.1807785,2.3905478,1.9749297,4.51911,0.07046741,1.7413982,8.1807785
2.4216778,3.344154,6.3521633,0.03806333,0.66323197,6.4931355,2.4216778,3.344154,6.3521633,0.03806333,0.66323197,6.4931355
2.4392452,1.0052321,6.0958753,1.4728532,6.6989393,2.972341,2.4392452,1.0052321,6.0958753,1.4728532,6.6989393,2.972341
2.5078766,4.5929117,0.8193521,8.247524,0.33308446,1.952376,2.5078766,4.5929117,0.8193521,8.247524,0.33308446,1.952376
2.5305452,4.240613,2.220577,7.5177464,3.4788504,1.4365478,2.5305452,4.240613,2.220577,7.5177464,3.4788504,1.4365478
2.5850296,0.26144698,2.2834394,8.507773,3.9353561,0.40734768,2.5850296,0.26144698,2.2834394,8.507773,3.9353561,0.40734768
2.7196026,2.1799388,2.7979965,7.209506,4.7082734,2.4244637,2.7196026,2.1799388,2.7979965,7.209506,4.7082734,2.4244637
2.7582462,5.2847652,2.4989128,0.63079995,7.0743394,2.788294,2.7582462,5.2847652,2.4989128,0.63079995,7.0743394,2.788294
3.0897357,5.622379,0.9737901,5.7521877,3.9443095,3.0411975,3.0897357,5.622379,0.9737901,5.7521877,3.9443095,3.0411975
3.0949795,1.227585,3.84352,7.199386,3.787996,2.8215985,3.0949795,1.227585,3.84352,7.199386,3.787996,2.8215985
3.2679439,3.2887716,2.9159834,0.49403134,7.8662925,2.8069446,3.2679439,3.2887716,2.9159834,0.49403134,7.8662925,2.8069446
3.5775313,3.673074,5.433926,2.0613105,2.6338813,5.744207,3.5775313,3.673074,5.433926,2.0613105,2.6338813,5.744207
3.7064826,7.6085005,3.7300322,2.7189226,1.4363049,2.236974,3.7064826,7.6085005,3.7300322,2.7189226,1.4363049,2.236974
3.7357821,6.0708885,2.1739187,4.8991194,0.27124697,4.5152383,3.7357821,6.0708885,2.1739187,4.8991194,0.27124697,4.5152383
3.7460115,0.9122886,5.920726,4.370566,2.7366297,4.8465605,3.7460115,0.9122886,5.920726,4.370566,2.7366297,4.8465605
3.9458373,0.6258646,0.7266725,9.066862,1.1305672,0.15630224,3.9458373,0.6258646,0.7266725,9.066862,1.1305672,0.15630224
3.9660008,3.6266904,4.4465566,6.036607,1.5813547,3.5220425,3.9660008,3.6266904,4.4465566,6.036607,1.5813547,3.5220425
4.013323,7.170809,1.4698304,3.8218217,2.2065964,3.2919521,4.013323,7.170809,1.4698304,3.8218217,2.2065964,3.2919521
4.276873,2.8305569,5.275418,5.032738,0.01475194,4.5318427,4.276873,2.8305569,5.275418,5.032738,0.01475194,4.5318427
4.4160414,0.8655104,2.0570977,4.7098637,3.106477,6.609448,4.4160414,0.8655104,2.0570977,4.7098637,3.106477,6.609448
4.4331136,4.9132814,5.117075,3.9065905,2.2223685,3.1340616,4.4331136,4.9132814,5.117075,3.9065905,2.2223685,3.1340616
4.4412885,1.8202686,4.2227206,2.3019457,0.67272145,7.3060727,4.4412885,1.8202686,4.2227206,2.3019457,0.67272145,7.3060727
4.4579773,3.1647995,1.0036216,2.244286,7.9140944,1.197294,4.4579773,3.1647995,1.0036216,2.244286,7.9140944,1.197294
4.725026,5.385329,5.4038663,1.5788373,0.24912225,4.112882,4.725026,5.385329,5.4038663,1.5788373,0.24912225,4.112882
4.747184,6.3649993,4.0581884,4.4399676,0.42190954,0.7686459,4.747184,6.3649993,4.0581884,4.4399676,0.42190954,0.7686459
4.92392,4.744247,2.560418,4.7693577,1.4352334,4.6781106,4.92392,4.744247,2.560418,4.7693577,1.4352334,4.6781106
5.0678177,3.1255755,6.8855505,1.2176913,2.730867,2.8630037,5.0678177,3.1255755,6.8855505,1.2176913,2.730867,2.8630037
5.2676816,0.23364916,0.2364611,1.250308,1.4116187,8.281611,5.2676816,0.23364916,0.2364611,1.250308,1.4116187,8.281611
5.273631,0.5934677,0.7364001,7.30731,4.099485,1.0448773,5.273631,0.5934677,0.7364001,7.30731,4.099485,1.0448773
5.925446,0.35473448,5.4459743,3.5770268,0.95237374,4.6262813,5.925446,0.35473448,5.4459743,3.5770268,0.95237374,4.6262813
5.954988,5.9414687,4.1701837,0.93397015,0.8995081,3.1882946,5.954988,5.9414687,4.1701837,0.93397015,0.8995081,3.1882946
5.962945,6.4681797,1.3598806,2.8310618,0.7494618,3.489994,5.962945,6.4681797,1.3598806,2.8310618,0.7494618,3.489994
6.0567164,0.7444296,4.300577,3.0905082,1.1619474,5.776304,6.0567164,0.7444296,4.300577,3.0905082,1.1619474,5.776304
6.1511927,2.8239799,4.242827,1.7537887,4.8053265,3.1653516,6.1511927,2.8239799,4.242827,1.7537887,4.8053265,3.1653516
6.3049994,1.8220401,1.936863,3.3506243,1.8317422,6.212387,6.3049994,1.8220401,1.936863,3.3506243,1.8317422,6.212387
6.378498,3.805076,2.5126212,0.7563226,2.4953125,5.6324315,6.378498,3.805076,2.5126212,0.7563226,2.4953125,5.6324315
6.4461255,5.1452603,1.3715664,1.3744951,0.6278482,5.273437,6.4461255,5.1452603,1.3715664,1.3744951,0.6278482,5.273437
7.084011,1.6659166,2.905463,2.6263425,3.629341,4.304649,7.084011,1.6659166,2.905463,2.6263425,3.629341,4.304649
7.1149163,1.2664707,5.012038,4.5274067,1.1614823,0.89835304,7.1149163,1.2664707,5.012038,4.5274067,1.1614823,0.89835304
8.301928,0.40973443,1.6909943,4.549612,2.6447382,0.59753996,8.301928,0.40973443,1.6909943,4.549612,2.6447382,0.59753996
9.591646,1.4892582,0.72278285,2.0485096,1.0181983,0.16402902,9.591646,1.4892582,0.72278285,2.0485096,1.0181983,0.16402902
